1 184,29,31,12,51,102,13,14,15,57,378,859,185,30,37,52,142,195,875,56,66,95,462,497,858,876,879,880,486
2 12,15,184,858,51,102,202,14,52,380,746,859,948,285,390,391,442,497,643,856,857,877,864,658,486
3 5,6,90,91,119,144,181,399,485
4 236,166,488
5 552,401,1297,1296,488
6 99,115,257,258,491
7 20,56,57,58,19,492
8 48,122,20,58,196,354,360,197,999,1112,1005,492
9 21,22,550,534
10 259,405,302,436,437,438,998,1011,493
11 27,28,262,160,20,263,654,495
12 86,194,650,649,652,624
13 64,265,65,311,496
14 64,65,496
15 463,462,497
16 266,106,196,498
17 106,196,498
18 196,197,198,498
19 32,67,164,639,715,716,719,1379,717,499
20 87,88,104,267,268,269,270,407,408,500
21 271,16,413,414,502
22 68,502
23 900,902,200,201,601,899,903,593,199,594,901,544,597,749,917,919,1333,634,687,698,1290,700,704,705,1109,1112,1141,1197,1256,1259,1272,1289,892
24 46,47,92,756
25 213,212,214,215,216,276,277,426,427,511
26 145,611,376,406,565,1076,511
27 224,278,428,512
28 224,279,512
29 250,514,609,225,793,464,465,612,466,513
30 225,464,514,466,609,612,793,513
31 776,751
32 465,249,777,778,247,250,752
33 252,431,141,516
34 252,431,672,714,799,800,516
35 166,167,132,517
36 169,168,518
37 173,188,172,97,121,187,242,409,487,519
38 24,283,552,272,557,558,553,554,555,556,536
39 272,555,24,283,552,79,207,418,557,554,556,505,1257,536
40 24,283,552,272,85,976,557,558,553,554,555,556,536
41 288,289,433,520
42 468,467,469,470,775,521
43 467,468,39,503,775,469,521
44 302,436,437,524
45 305,570,308,481,338,1226,1355,1185,629,663,798,572,525
46 305,338,344,481,84,123,1185,623,570,798,1226,629,663,572,1355,525
47 304,306,307,305,629,663,308,309,310,570,798,1185,1355,572,525
48 439,311,316,440,187,314,315,797,798,794,265,526
49 320,478,527
50 326,629,21,94,22,306,528
51 94,23,105,381,192,326,63,494,629,261,528
52 21,22,306,326,528
53 296,33,446,447,448,449,208,297,298,299,531
54 84,24,101,294,628,661,364,365,560,123
55 16,375,460,378,255,271,376,377,562,502,538
56 380,749,1339,14,705,779,780,379,643,686,753
57 380,593,746,914,14,379,705,779,780,704,12,15,857,859,753
58 788,785,786,787,23,381,382,784,789,754
59 788,785,786,787,754
60 475,476,527,320,478,322
61 565,566,564,1159,661,539
62 566,567,1084,1078,1081,539
63 567,564,566,539
64 390,391,627
65 2,3,128,180,323,324,418,664,629,393,394,659,4,384,1302,388
66 664,629,180,659,660,388
67 2,3,664,629,323,324,393,128,180,394,659,389,4,1302,388
68 662,101,460,661,62,628
69 458,570,977,62,336,540
70 333,568,570,62,101,283,565,24,977,307,540
71 569,571,1355,101,655,1213,798,572,540
72 21,324,630,94,664,304,128,323,663,570,494,305,309,571,655,388,62,629
73 332,572,578,573,574,421,25,317,577,401,625,160,1213,1304,1198,655,1355,68,571,1252,541
74 576,656,575,317,574,578,541
75 667,324,378,666,670,630
76 378,667,324,666,670,1391,329,630
77 668,666,667,670,329,1391,630
78 588,589,590,543
79 597,598,688,708,713,544
80 594,597,596,598,544
81 672,799,631
82 676,677,678,679,205,632
83 680,681,682,683,633
84 606,406,608,142,294,354,522,962,1192,1213,873,546
85 608,406,606,710,546
86 594,790,755
87 606,611,562,50,236,609,612,406,547
88 613,614,615,616,617,618,548
89 793,794,797,795,796,420,757
90 794,797,798,793,796,291,800,1187,256,311,335,1364,1367,757
91 252,801,797,799,800,793,794,1154,672,757
92 802,803,808,809,811,804,805,806,253,1247,807,810,1243,758
93 691,635
94 24,283,294,559,689,690,101,1393,354,1104,1161,1395,635
95 283,662,635
96 703,704,705,698,699,700,1289,779,701,702,706,792,1339,637
97 699,700,701,698,1289,702,703,779,1339,681,637
98 713,708,709,711,712,638
99 717,719,1001,1379,639
100 821,822,824,820,823,825,1122,1051,1121,760
